30 20 15 0 0 21 14 0 0 0 0 0 0 0 0 0 0 0 0 0
0 0 8 0 20 0 0 41 0 15 0 7 0 0 0 9 0 0 0 0
0 10 0 0 0 0 10 0 25 5 10 0 10 0 10 0 0 10 10 0
0 0 0 80 0 0 0 0 0 0 0 0 0 0 0 20 0 0 0 0
20 0 0 0 0 0 10 0 0 15 0 10 0 0 0 10 10 10 0 15
0 10 10 0 0 15 0 0 7 8 0 0 0 0 9 6 20 0 15 0
3 6 9 0 15 0 11 7 0 10 0 12 0 0 14 0 0 0 0 13
7 5 6 8 4 5 5 5 5 8 4 10 5 5 4 4 2 2 3 3
3 3 2 2 4 4 5 5 10 4 8 5 5 5 5 4 8 6 5 7
10 10 10 10 0 0 0 0 10 0 15 0 0 15 0 0 0 0 0 20
0 0 0 0 0 0 0 0 0 0 0 0 0 14 21 0 0 15 20 30
0 0 20 0 8 0 0 15 0 0 41 0 9 0 0 0 0 7 0 0
6 6 6 6 6 6 6 6 8 6 0 6 0 6 0 6 4 6 4 6
5 7 8 6 5 4 5 5 8 5 0 0 0 0 0 0 0 0 0 0
0 0 0 0 10 10 10 10 0 15 0 10 0 0 15 0 20 0 0 0